										1970S
12	2473 (2473)	100110101001
12	2474 (2474)	100110101010

12	5770 (577)	1011010001010
12	5771 (5771)	1011010001011

12	8107 (817)	1111110101011
12	8108 (818)	1111110101100

12	17941 (17941)	100011000010101
12	17942 (17942)	100011000010110


										1980S
..no originals?


										1990S

..no originals?
			
										2000S
										

11	2473 (2473)	100110101001
11	2474 (2474)	100110101010

11	5770 (577)	1011010001010
11	5771 (5771)	1011010001011

11	8107 (817)	1111110101011
11	8108 (818)	1111110101100

11	17941 (17941)	100011000010101
11	17942 (17942)	100011000010110

---------

