										1970S
24	1651 (1651)	11001110011
24	7526 (7526)	1110101100110
24	161 (161)	10100001
24	19578 (19578)	100110001111010
12	2473 (2473)	100110101001
12	5771 (5771)	1011010001011
12	2474 (2474)	100110101010
12	5770 (577)	1011010001010
12	8107 (817)	1111110101011
12	17942 (17942)	100011000010110
12	17941 (17941)	100011000010101
12	8108 (818)	1111110101100


										1980S
18	7526 (7526)	1110101100110
18	161 (161)	10100001
18	19578 (19578)	100110001111010
18	1651 (1651)	11001110011

										1990S
4	7526 (7526)	1110101100110
4	19578 (19578)	100110001111010
4	161 (161)	10100001
4	1651 (1651)	11001110011
			
										2000S
22	7526 (7526)	1110101100110
22	1651 (1651)	11001110011
22	161 (161)	10100001
22	19578 (19578)	100110001111010
11	5771 (5771)	1011010001011
11	17941 (17941)	100011000010101
11	5770 (577)	1011010001010
11	17942 (17942)	100011000010110
11	2473 (2473)	100110101001
11	8108 (818)	1111110101100
11	8107 (817)	1111110101011
11	2474 (2474)	100110101010

										2010S
14	7526 (7526)	1110101100110
14	1651 (1651)	11001110011
14	161 (161)	10100001
14	19578 (19578)	100110001111010
